
maxdiff     : 0.0462556
meandiff    : 0.00357672

