
maxdiff     : 0.0559656
meandiff    : 0.00369169

