32
BBWA_971_A_CCTATACC-GCTCTGTA       0.0000000 0.2739184 0.2625819 0.1568895 0.4791002 0.4657359 0.2739184 0.1596310 0.5886760 0.2559270 0.1541650 1.0851440 0.2868492 0.1565746 0.1550074 0.1519401 0.2883900 0.4814888 0.2630884 0.2703758 0.2785694 0.1550987 0.4763019 0.1628653 0.1550987 0.2653225 0.1625692 0.3203877 0.1565746 0.2646147 0.2612713 0.7363237 
CONW_930_R_ATCGTCTC-GTCCTTCT       0.2739184 0.0000000 0.1401104 0.3004103 0.4547617 0.4332322 0.0013430 0.3093482 0.6296713 0.1340153 0.3006101 0.9762197 0.0178575 0.3049457 0.3067045 0.3061879 0.0054746 0.4571399 0.1372639 0.1860018 0.1464964 0.3068276 0.4561058 0.3125993 0.3068276 0.1785865 0.3067053 0.1778416 0.3049457 0.1415585 0.1387862 0.7441481 
OVEN_614_P_CTTCCTTC-ACCTGGAA       0.2625819 0.1401104 0.0000000 0.2448636 0.4108291 0.3821780 0.1401104 0.2530977 0.5284913 0.0984900 0.2551059 0.9639956 0.1479218 0.2490439 0.2490439 0.2581045 0.1381072 0.4087441 0.1020532 0.1455924 0.1353435 0.2507880 0.4130014 0.2619021 0.2507880 0.1480123 0.2585475 0.1660240 0.2490439 0.0013541 0.0006752 0.7457788 
CMWA_952_R_CTAAGACC-CTGTTAGG       0.1568895 0.3004103 0.2448636 0.0000000 0.4553713 0.4477168 0.2999522 0.0067344 0.6407267 0.2730588 0.0053621 1.3046142 0.3088947 0.0026564 0.0033297 0.0060379 0.3114187 0.4571143 0.2724636 0.2811113 0.2633987 0.0019873 0.4611815 0.0109248 0.0019873 0.2722394 0.0067361 0.3456833 0.0026564 0.2431186 0.2436233 0.7687347 
NOPA_676_R_AACCGAAC-CGAGTATG       0.4791002 0.4547617 0.4108291 0.4553713 0.0000000 0.0563277 0.4547617 0.4689378 0.6093150 0.4166195 0.4502384 1.1072229 0.4509641 0.4553723 0.4573007 0.4530900 0.4672825 0.0046591 0.4180170 0.5059769 0.4772860 0.4573721 0.0046572 0.4635995 0.4573721 0.4959419 0.4601550 0.5125206 0.4596911 0.4091059 0.4091059 0.6144287 
PRAW_770_P_AAGTCCTC-TGGTAGCT       0.4657359 0.4332322 0.3821780 0.4477168 0.0563277 0.0000000 0.4287862 0.4569117 0.5857459 0.3744888 0.4469320 1.0579380 0.4299410 0.4477178 0.4453423 0.4497465 0.4407740 0.0518084 0.3868702 0.4823264 0.4759516 0.4496953 0.0535119 0.4558491 0.4496953 0.4859160 0.4566970 0.4992250 0.4519866 0.3804830 0.3804830 0.5863505 
PIWA_948_R_ATAACGCC-TTGGTGAG       0.2739184 0.0013430 0.1401104 0.2999522 0.4547617 0.4287862 0.0000000 0.3089042 0.6296713 0.1340153 0.3001531 0.9715884 0.0193736 0.3044948 0.3062563 0.3057392 0.0068741 0.4527099 0.1372639 0.1860018 0.1464964 0.3063797 0.4516664 0.3121602 0.3063797 0.1785865 0.3062571 0.1746473 0.3044948 0.1415585 0.1387862 0.7394743 
CAWA_366_A_CCGGAATA-CCTACTGA_dd    0.1596310 0.3093482 0.2530977 0.0067344 0.4689378 0.4569117 0.3089042 0.0000000 0.6406746 0.2695916 0.0081121 1.3044453 0.3138913 0.0053580 0.0060443 0.0101939 0.3204907 0.4706897 0.2728257 0.2810142 0.2676661 0.0046765 0.4746899 0.0137727 0.0046765 0.2759342 0.0095121 0.3414709 0.0053580 0.2513534 0.2518446 0.7594428 
YEWA_941_P_Pr_CTATCCAC-TGTGCGTT    0.5886760 0.6296713 0.5284913 0.6407267 0.6093150 0.5857459 0.6296713 0.6406746 0.0000000 0.5721604 0.6471115 0.9116214 0.6352968 0.6356718 0.6356718 0.6442752 0.6152746 0.6027872 0.5638281 0.5304080 0.6220475 0.6378178 0.6089394 0.6521415 0.6378178 0.5251683 0.6404759 0.5781426 0.6403507 0.5262382 0.5264718 0.3803590 
NOWA_315_A_CGTCCATT-AGGAGGAA       0.2559270 0.1340153 0.0984900 0.2730588 0.4166195 0.3744888 0.1340153 0.2695916 0.5721604 0.0000000 0.2749641 1.0008293 0.1351827 0.2730595 0.2768863 0.2747471 0.1391426 0.4190115 0.0089978 0.1623273 0.1324104 0.2748557 0.4228817 0.2791433 0.2748557 0.1648851 0.2709013 0.1702526 0.2730595 0.0986244 0.0973728 0.7174064 
BLBW_861_R_AACGCCTT-TTCTCTCG       0.1541650 0.3006101 0.2551059 0.0053621 0.4502384 0.4469320 0.3001531 0.0081121 0.6471115 0.2749641 0.0000000 1.3105122 0.3090829 0.0039994 0.0033236 0.0074067 0.3116023 0.4519774 0.2743693 0.2825281 0.2753475 0.0033245 0.4560690 0.0094876 0.0033245 0.2736649 0.0067317 0.3389132 0.0039994 0.2533659 0.2538528 0.7635329 
YEWA_941_P_Tr_ACGCTTCT-GACTTAGG    1.0851440 0.9762197 0.9639956 1.3046142 1.1072229 1.0579380 0.9715884 1.3044453 0.9116214 1.0008293 1.3105122 0.0000000 1.0094838 1.3085893 1.3046150 1.3119970 0.9835745 1.0966411 1.0149804 0.9124976 1.0948676 1.3063742 1.1075202 1.3063735 1.3063742 0.9169386 1.3054364 0.9067281 1.3046150 0.9613504 0.9613504 1.1000588 
COYE_868_R_CCAACACT-AGTTCGTC       0.2868492 0.0178575 0.1479218 0.3088947 0.4509641 0.4299410 0.0193736 0.3138913 0.6352968 0.1351827 0.3090829 1.0094838 0.0000000 0.3135029 0.3112004 0.3106711 0.0209824 0.4532938 0.1384759 0.1930754 0.1471859 0.3154142 0.4522764 0.3212811 0.3154142 0.1888843 0.3152930 0.1904662 0.3135029 0.1465687 0.1465687 0.7391188 
AMRE_967_R_ACGGACTT-TCTCCGAT       0.1565746 0.3049457 0.2490439 0.0026564 0.4553723 0.4477178 0.3044948 0.0053580 0.6356718 0.2730595 0.0039994 1.3085893 0.3135029 0.0000000 0.0019868 0.0060308 0.3160212 0.4571153 0.2724643 0.2811120 0.2633994 0.0006588 0.4611824 0.0095057 0.0006588 0.2722402 0.0053593 0.3410818 0.0013209 0.2472992 0.2477970 0.7639441 
CSWA_939_R_TCCATTGC-TCCTACCT       0.1550074 0.3067045 0.2490439 0.0033297 0.4573007 0.4453423 0.3062563 0.0060443 0.6356718 0.2768863 0.0033236 1.3046150 0.3112004 0.0019868 0.0000000 0.0067193 0.3178090 0.4590458 0.2762897 0.2811120 0.2694959 0.0013212 0.4631053 0.0088020 0.0013212 0.2760403 0.0060459 0.3410818 0.0019868 0.2472992 0.2477970 0.7663446 
BTNW_492_R_AAGGACCA-GTGTTCCT       0.1519401 0.3061879 0.2581045 0.0060379 0.4530900 0.4497465 0.3057392 0.0101939 0.6442752 0.2747471 0.0074067 1.3119970 0.3106711 0.0060308 0.0067193 0.0000000 0.3172767 0.4548276 0.2779729 0.2860736 0.2607322 0.0053473 0.4588971 0.0144684 0.0053473 0.2772296 0.0074116 0.3423332 0.0060308 0.2563632 0.2568458 0.7676825 
MOWA_611_R_HC7TNCCX2_subsampled_dd 0.2883900 0.0054746 0.1381072 0.3114187 0.4672825 0.4407740 0.0068741 0.3204907 0.6152746 0.1391426 0.3116023 0.9835745 0.0209824 0.3160212 0.3178090 0.3172767 0.0000000 0.4696885 0.1424651 0.1883917 0.1505518 0.3179300 0.4686573 0.3237907 0.3179300 0.1809528 0.3178098 0.1747799 0.3160212 0.1395638 0.1367744 0.7510521 
YTWA_970_R_GAACCTTC-GTACCTTG       0.4814888 0.4571399 0.4087441 0.4571143 0.0046591 0.0518084 0.4527099 0.4706897 0.6027872 0.4190115 0.4519774 1.0966411 0.4532938 0.4571153 0.4590458 0.4548276 0.4696885 0.0000000 0.4248534 0.5086540 0.4751680 0.4591166 0.0053358 0.4653497 0.4591166 0.4986670 0.4619011 0.5060685 0.4614378 0.4070198 0.4070198 0.6082364 
LOWA_438_A_AACTTGCC-GAAGTTGG       0.2630884 0.1372639 0.1020532 0.2724636 0.4180170 0.3868702 0.1372639 0.2728257 0.5638281 0.0089978 0.2743693 1.0149804 0.1384759 0.2724643 0.2762897 0.2779729 0.1424651 0.4248534 0.0000000 0.1636161 0.1362096 0.2742599 0.4242774 0.2785469 0.2742599 0.1661793 0.2703070 0.1715371 0.2724643 0.1021928 0.1009254 0.7188879 
SWWA_980_R_TACATCGG-TGATCGGA       0.2703758 0.1860018 0.1455924 0.2811113 0.5059769 0.4823264 0.1860018 0.2810142 0.5304080 0.1623273 0.2825281 0.9124976 0.1930754 0.2811120 0.2811120 0.2860736 0.1883917 0.5086540 0.1636161 0.0000000 0.1494530 0.2828863 0.5101459 0.2828856 0.2828863 0.0054773 0.2853758 0.1104743 0.2811120 0.1442105 0.1447888 0.7539150 
PROW_974_R_CGCTACAT-CGTAGGTT       0.2785694 0.1464964 0.1353435 0.2633987 0.4772860 0.4759516 0.1464964 0.2676661 0.6220475 0.1324104 0.2753475 1.0948676 0.1471859 0.2633994 0.2694959 0.2607322 0.1505518 0.4751680 0.1362096 0.1494530 0.0000000 0.2652312 0.4741152 0.2796055 0.2652312 0.1453567 0.2612006 0.1491935 0.2633994 0.1355421 0.1340361 0.7898811 
CERW_358_A_TCTTCGAC-GAGCAGTA       0.1550987 0.3068276 0.2507880 0.0019873 0.4573721 0.4496953 0.3063797 0.0046765 0.6378178 0.2748557 0.0033245 1.3063742 0.3154142 0.0006588 0.0013212 0.0053473 0.3179300 0.4591166 0.2742599 0.2828863 0.2652312 0.0000000 0.4631742 0.0088044 0.0000010 0.2740239 0.0046777 0.3429971 0.0006588 0.2490439 0.2495388 0.7660206 
BTNW_765_P_CCAAGTAG-TCACGTTC       0.4763019 0.4561058 0.4130014 0.4611815 0.0046572 0.0535119 0.4516664 0.4746899 0.6089394 0.4228817 0.4560690 1.1075202 0.4522764 0.4611824 0.4631053 0.4588971 0.4686573 0.0053358 0.4242774 0.5101459 0.4741152 0.4631742 0.0000000 0.4693801 0.4631742 0.5001698 0.4659443 0.5098680 0.4654854 0.4112801 0.4112801 0.6075115 
BWWA_412_R_GTACACCT-TTGGTCTC       0.1628653 0.3125993 0.2619021 0.0109248 0.4635995 0.4558491 0.3121602 0.0137727 0.6521415 0.2791433 0.0094876 1.3063735 0.3212811 0.0095057 0.0088020 0.0144684 0.3237907 0.4653497 0.2785469 0.2828856 0.2796055 0.0088044 0.4693801 0.0000000 0.0088044 0.2740232 0.0137767 0.3515802 0.0095057 0.2601584 0.2606359 0.7685474 
BTBW_850_R_AGGTTCCT-AGGTTCGA       0.1550987 0.3068276 0.2507880 0.0019873 0.4573721 0.4496953 0.3063797 0.0046765 0.6378178 0.2748557 0.0033245 1.3063742 0.3154142 0.0006588 0.0013212 0.0053473 0.3179300 0.4591166 0.2742599 0.2828863 0.2652312 0.0000010 0.4631742 0.0088044 0.0000000 0.2740239 0.0046777 0.3429971 0.0006588 0.2490439 0.2495388 0.7660206 
WEWA_727_R_ACCATCCT-GTTCATGG       0.2653225 0.1785865 0.1480123 0.2722394 0.4959419 0.4859160 0.1785865 0.2759342 0.5251683 0.1648851 0.2736649 0.9169386 0.1888843 0.2722402 0.2760403 0.2772296 0.1809528 0.4986670 0.1661793 0.0054773 0.1453567 0.2740239 0.5001698 0.2740232 0.2740239 0.0000000 0.2765247 0.1079151 0.2722402 0.1466217 0.1471976 0.7490149 
MAWA_362_A_CCTTAGGT-TTGAGGCA       0.1625692 0.3067053 0.2585475 0.0067361 0.4601550 0.4566970 0.3062571 0.0095121 0.6404759 0.2709013 0.0067317 1.3054364 0.3152930 0.0053593 0.0060459 0.0074116 0.3178098 0.4619011 0.2703070 0.2853758 0.2612006 0.0046777 0.4659443 0.0137767 0.0046777 0.2765247 0.0000000 0.3469866 0.0053593 0.2568050 0.2572873 0.7636885 
BAWW_968_P_CGACCTAA-CAGGTTAG       0.3203877 0.1778416 0.1660240 0.3456833 0.5125206 0.4992250 0.1746473 0.3414709 0.5781426 0.1702526 0.3389132 0.9067281 0.1904662 0.3410818 0.3410818 0.3423332 0.1747799 0.5060685 0.1715371 0.1104743 0.1491935 0.3429971 0.5098680 0.3515802 0.3429971 0.1079151 0.3469866 0.0000000 0.3410818 0.1645607 0.1645607 0.8191637 
GWWA_928_R_ACGAGAAC-CGAACTGT       0.1565746 0.3049457 0.2490439 0.0026564 0.4596911 0.4519866 0.3044948 0.0053580 0.6403507 0.2730595 0.0039994 1.3046150 0.3135029 0.0013209 0.0019868 0.0060308 0.3160212 0.4614378 0.2724643 0.2811120 0.2633994 0.0006588 0.4654854 0.0095057 0.0006588 0.2722402 0.0053593 0.3410818 0.0000000 0.2472992 0.2477970 0.7639441 
NAWA_328_A_CCACAACA-CTTGGATG       0.2646147 0.1415585 0.0013541 0.2431186 0.4091059 0.3804830 0.1415585 0.2513534 0.5262382 0.0986244 0.2533659 0.9613504 0.1465687 0.2472992 0.2472992 0.2563632 0.1395638 0.4070198 0.1021928 0.1442105 0.1355421 0.2490439 0.4112801 0.2601584 0.2490439 0.1466217 0.2568050 0.1645607 0.2472992 0.0000000 0.0020362 0.7460305 
KEWA_584_R_TCTAGGAG-CGTTGCAA       0.2612713 0.1387862 0.0006752 0.2436233 0.4091059 0.3804830 0.1387862 0.2518446 0.5264718 0.0973728 0.2538528 0.9613504 0.1465687 0.2477970 0.2477970 0.2568458 0.1367744 0.4070198 0.1009254 0.1447888 0.1340361 0.2495388 0.4112801 0.2606359 0.2495388 0.1471976 0.2572873 0.1645607 0.2477970 0.0020362 0.0000000 0.7434553 
Proctophyllodes_miliariae          0.7363237 0.7441481 0.7457788 0.7687347 0.6144287 0.5863505 0.7394743 0.7594428 0.3803590 0.7174064 0.7635329 1.1000588 0.7391188 0.7639441 0.7663446 0.7676825 0.7510521 0.6082364 0.7188879 0.7539150 0.7898811 0.7660206 0.6075115 0.7685474 0.7660206 0.7490149 0.7636885 0.8191637 0.7639441 0.7460305 0.7434553 0.0000000 
