33
LOWA_438_A_AACTTGCC-GAAGTTGG       0.0000000 0.3735038 0.3696816 0.2169910 1.2658396 0.6381450 0.3707452 0.3716819 0.6203732 0.2194748 0.3721255 0.3690602 0.3735671 2.4176179 0.1376578 0.3468791 0.1966914 0.1375776 0.3712911 0.2041334 0.1368407 0.6209813 1.3537746 0.2069779 0.0095329 0.3714259 0.2023377 0.6415241 0.3700468 0.2062242 0.3718382 0.2406499 0.2241699 
CMWA_952_R_CTAAGACC-CTGTTAGG       0.3735038 0.0000000 0.0384394 0.3632839 1.3610573 0.6534357 0.0419926 0.0379100 0.6434367 0.3702188 0.0391194 0.2202773 0.0415097 2.4355741 0.3548845 0.0491604 0.3730506 0.3539995 0.0451807 0.3801624 0.3535888 0.6532938 1.3433853 0.3835136 0.3728345 0.0413612 0.3790787 0.6549637 0.0392032 0.3819034 0.0385958 0.4030182 0.1323651 
CSWA_939_R_TCCATTGC-TCCTACCT       0.3696816 0.0384394 0.0000000 0.3592657 1.3766422 0.6452577 0.0060219 0.0028598 0.6316331 0.3643964 0.0025253 0.2122560 0.0073867 2.4124637 0.3501203 0.0263818 0.3648464 0.3510787 0.0116024 0.3741334 0.3506642 0.6490105 1.3422786 0.3773718 0.3674422 0.0065859 0.3741463 0.6487540 0.0040868 0.3780495 0.0039634 0.4016414 0.1353924 
WEWA_727_R_ACCATCCT-GTTCATGG       0.2169910 0.3632839 0.3592657 0.0000000 1.2597032 0.6557677 0.3589853 0.3591893 0.6332503 0.0045611 0.3616100 0.3764162 0.3644293 2.3528966 0.1989462 0.3442730 0.2405721 0.1989630 0.3595283 0.2352325 0.1995461 0.6435989 1.3114603 0.2361018 0.2154011 0.3617530 0.2373134 0.6578115 0.3632079 0.2375439 0.3623304 0.1521963 0.2426618 
YEWA_941_P_Pr_CTATCCAC-TGTGCGTT    1.2658396 1.3610573 1.3766422 1.2597032 0.0000000 1.3357857 1.3743006 1.3778576 1.3042765 1.2570217 1.3806856 1.4274865 1.3746664 2.4763587 1.2782994 1.3903080 1.2916131 1.2786347 1.3857221 1.3084982 1.2739367 1.3316238 0.6270277 1.3216285 1.2649952 1.3736425 1.3077218 1.3397744 1.3859869 1.3027060 1.3782904 1.2778000 0.7688648 
NOPA_676_R_AACCGAAC-CGAGTATG       0.6381450 0.6534357 0.6452577 0.6557677 1.3357857 0.0000000 0.6451705 0.6475679 0.0118403 0.6618142 0.6485177 0.6603809 0.6506680 2.4775088 0.6116531 0.6499093 0.6502408 0.6110655 0.6538940 0.6459452 0.6090656 0.0318079 1.3432133 0.6473586 0.6375282 0.6433872 0.6441231 0.0053348 0.6482016 0.6464568 0.6477038 0.6653527 0.3387842 
BTNW_492_R_AAGGACCA-GTGTTCCT       0.3707452 0.0419926 0.0060219 0.3589853 1.3743006 0.6451705 0.0000000 0.0055652 0.6305317 0.3647464 0.0056760 0.2153751 0.0099649 2.4135562 0.3526006 0.0287235 0.3635868 0.3529070 0.0144751 0.3722216 0.3524949 0.6469700 1.3365971 0.3753608 0.3678537 0.0079790 0.3722314 0.6477108 0.0072823 0.3752483 0.0064506 0.4053899 0.1372584 
BTBW_850_R_AGGTTCCT-AGGTTCGA       0.3716819 0.0379100 0.0028598 0.3591893 1.3778576 0.6475679 0.0055652 0.0000000 0.6321361 0.3649606 0.0018602 0.2133302 0.0062322 2.4102550 0.3495391 0.0252637 0.3641814 0.3504985 0.0118398 0.3752580 0.3500836 0.6497516 1.3427471 0.3785284 0.3694356 0.0056687 0.3752727 0.6501118 0.0034148 0.3782995 0.0026245 0.4054573 0.1373205 
YTWA_970_R_GAACCTTC-GTACCTTG       0.6203732 0.6434367 0.6316331 0.6332503 1.3042765 0.0118403 0.6305317 0.6321361 0.0000000 0.6384319 0.6347371 0.6511931 0.6364585 2.4751653 0.5908988 0.6356572 0.6349559 0.5908376 0.6385807 0.6384159 0.5887236 0.0268307 1.3050075 0.6393928 0.6181267 0.6298613 0.6341342 0.0156730 0.6327787 0.6384617 0.6328505 0.6432160 0.3474804 
SWWA_980_R_TACATCGG-TGATCGGA       0.2194748 0.3702188 0.3643964 0.0045611 1.2570217 0.6618142 0.3647464 0.3649606 0.6384319 0.0000000 0.3673845 0.3824690 0.3689333 2.3589126 0.2018269 0.3497838 0.2442483 0.2018414 0.3653022 0.2366530 0.2027134 0.6464399 1.3093507 0.2378884 0.2171090 0.3662470 0.2387382 0.6638621 0.3689969 0.2389655 0.3681058 0.1554232 0.2443690 
GWWA_928_R_ACGAGAAC-CGAACTGT       0.3721255 0.0391194 0.0025253 0.3616100 1.3806856 0.6485177 0.0056760 0.0018602 0.6347371 0.3673845 0.0000000 0.2147328 0.0065779 2.4116966 0.3513267 0.0257480 0.3667108 0.3522824 0.0114793 0.3755671 0.3525544 0.6526130 1.3434987 0.3795004 0.3698784 0.0062383 0.3755823 0.6510623 0.0039736 0.3786082 0.0029575 0.4058634 0.1384415 
BBWA_971_A_CCTATACC-GCTCTGTA       0.3690602 0.2202773 0.2122560 0.3764162 1.4274865 0.6603809 0.2153751 0.2133302 0.6511931 0.3824690 0.2147328 0.0000000 0.2147953 2.3451394 0.3660035 0.2299239 0.3950556 0.3667196 0.2180990 0.3957906 0.3631394 0.6516783 1.3812455 0.3997453 0.3659441 0.2183870 0.3946407 0.6656184 0.2114194 0.3997412 0.2139019 0.4126056 0.0049195 
CAWA_366_A_CCGGAATA-CCTACTGA_dd    0.3735671 0.0415097 0.0073867 0.3644293 1.3746664 0.6506680 0.0099649 0.0062322 0.6364585 0.3689333 0.0065779 0.2147953 0.0000000 2.4112343 0.3551124 0.0291813 0.3685611 0.3560618 0.0164704 0.3769545 0.3556512 0.6509025 1.3492659 0.3809941 0.3702794 0.0100571 0.3769720 0.6543324 0.0079627 0.3800022 0.0071212 0.4047506 0.1336840 
YEWA_941_P_Tr_ACGCTTCT-GACTTAGG    2.4176179 2.4355741 2.4124637 2.3528966 2.4763587 2.4775088 2.4135562 2.4102550 2.4751653 2.3589126 2.4116966 2.3451394 2.4112343 0.0000000 2.3812540 2.4445438 2.4400605 2.3771975 2.4286979 2.3144606 2.3745176 2.4807934 2.6773049 2.3181073 2.4164952 2.4073060 2.3081031 2.4747372 2.4184650 2.3052608 2.4098278 2.3587631 1.7759211 
NAWA_328_A_CCACAACA-CTTGGATG       0.1376578 0.3548845 0.3501203 0.1989462 1.2782994 0.6116531 0.3526006 0.3495391 0.5908988 0.2018269 0.3513267 0.3660035 0.3551124 2.3812540 0.0000000 0.3352316 0.1974466 0.0029397 0.3549865 0.1987294 0.0037458 0.5966938 1.2967614 0.2027898 0.1373189 0.3513619 0.1975120 0.6183033 0.3523762 0.1990866 0.3519520 0.2317943 0.2199835 
CERW_358_A_TCTTCGAC-GAGCAGTA       0.3468791 0.0491604 0.0263818 0.3442730 1.3903080 0.6499093 0.0287235 0.0252637 0.6356572 0.3497838 0.0257480 0.2299239 0.0291813 2.4445438 0.3352316 0.0000000 0.3457665 0.3358513 0.0338012 0.3100753 0.3361007 0.6529141 1.3578967 0.3168276 0.3438122 0.0297875 0.3103320 0.6537784 0.0272977 0.3132738 0.0250461 0.3866898 0.1336246 
PROW_974_R_CGCTACAT-CGTAGGTT       0.1966914 0.3730506 0.3648464 0.2405721 1.2916131 0.6502408 0.3635868 0.3641814 0.6349559 0.2442483 0.3667108 0.3950556 0.3685611 2.4400605 0.1974466 0.3457665 0.0000000 0.1957922 0.3705232 0.2284716 0.1954998 0.6433596 1.2988896 0.2288785 0.1928624 0.3668232 0.2299718 0.6523148 0.3664454 0.2304874 0.3658528 0.2645264 0.2286228 
OVEN_614_P_CTTCCTTC-ACCTGGAA       0.1375776 0.3539995 0.3510787 0.1989630 1.2786347 0.6110655 0.3529070 0.3504985 0.5908376 0.2018414 0.3522824 0.3667196 0.3560618 2.3771975 0.0029397 0.3358513 0.1957922 0.0000000 0.3564492 0.1972930 0.0014609 0.5959824 1.2925158 0.2017302 0.1367722 0.3523176 0.1954578 0.6169435 0.3533295 0.1976488 0.3529064 0.2318040 0.2173510 
BWWA_412_R_GTACACCT-TTGGTCTC       0.3712911 0.0451807 0.0116024 0.3595283 1.3857221 0.6538940 0.0144751 0.0118398 0.6385807 0.3653022 0.0114793 0.2180990 0.0164704 2.4286979 0.3549865 0.0338012 0.3705232 0.3564492 0.0000000 0.3791512 0.3567253 0.6533715 1.3483365 0.3820843 0.3693620 0.0168204 0.3800529 0.6564385 0.0114983 0.3822076 0.0127618 0.4067698 0.1291225 
CONW_930_R_ATCGTCTC-GTCCTTCT       0.2041334 0.3801624 0.3741334 0.2352325 1.3084982 0.6459452 0.3722216 0.3752580 0.6384159 0.2366530 0.3755671 0.3957906 0.3769545 2.3144606 0.1987294 0.3100753 0.2284716 0.1972930 0.3791512 0.0000000 0.1973405 0.6313533 1.3096187 0.0178575 0.2044852 0.3787965 0.0025693 0.6512457 0.3730790 0.0032522 0.3752841 0.2560032 0.2711573 
KEWA_584_R_TCTAGGAG-CGTTGCAA       0.1368407 0.3535888 0.3506642 0.1995461 1.2739367 0.6090656 0.3524949 0.3500836 0.5887236 0.2027134 0.3525544 0.3631394 0.3556512 2.3745176 0.0037458 0.3361007 0.1954998 0.0014609 0.3567253 0.1973405 0.0000000 0.5949430 1.2937754 0.2023544 0.1360381 0.3519043 0.1955027 0.6149361 0.3529172 0.1976968 0.3524936 0.2307208 0.2173510 
PRAW_770_P_AAGTCCTC-TGGTAGCT       0.6209813 0.6532938 0.6490105 0.6435989 1.3316238 0.0318079 0.6469700 0.6497516 0.0268307 0.6464399 0.6526130 0.6516783 0.6509025 2.4807934 0.5966938 0.6529141 0.6433596 0.5959824 0.6533715 0.6313533 0.5949430 0.0000000 1.3292643 0.6304318 0.6165325 0.6480697 0.6284378 0.0347607 0.6507849 0.6305489 0.6504103 0.6495714 0.3408537 
Proctophyllodes_miliariae          1.3537746 1.3433853 1.3422786 1.3114603 0.6270277 1.3432133 1.3365971 1.3427471 1.3050075 1.3093507 1.3434987 1.3812455 1.3492659 2.6773049 1.2967614 1.3578967 1.2988896 1.2925158 1.3483365 1.3096187 1.2937754 1.3292643 0.0000000 1.3207673 1.3455998 1.3431782 1.3184876 1.3426128 1.3461906 1.3154123 1.3408275 1.3703848 0.6600463 
COYE_868_R_CCAACACT-AGTTCGTC       0.2069779 0.3835136 0.3773718 0.2361018 1.3216285 0.6473586 0.3753608 0.3785284 0.6393928 0.2378884 0.3795004 0.3997453 0.3809941 2.3181073 0.2027898 0.3168276 0.2288785 0.2017302 0.3820843 0.0178575 0.2023544 0.6304318 1.3207673 0.0000000 0.2074118 0.3828879 0.0198193 0.6522839 0.3758852 0.0200773 0.3796803 0.2629429 0.2693238 
NOWA_315_A_CGTCCATT-AGGAGGAA       0.0095329 0.3728345 0.3674422 0.2154011 1.2649952 0.6375282 0.3678537 0.3694356 0.6181267 0.2171090 0.3698784 0.3659441 0.3702794 2.4164952 0.1373189 0.3438122 0.1928624 0.1367722 0.3693620 0.2044852 0.1360381 0.6165325 1.3455998 0.2074118 0.0000000 0.3691809 0.2026917 0.6418621 0.3678075 0.2065731 0.3694270 0.2402946 0.2238213 
MAWA_362_A_CCTTAGGT-TTGAGGCA       0.3714259 0.0413612 0.0065859 0.3617530 1.3736425 0.6433872 0.0079790 0.0056687 0.6298613 0.3662470 0.0062383 0.2183870 0.0100571 2.4073060 0.3513619 0.0297875 0.3668232 0.3523176 0.0168204 0.3787965 0.3519043 0.6480697 1.3431782 0.3828879 0.3691809 0.0000000 0.3788170 0.6459247 0.0075011 0.3811342 0.0067871 0.4049768 0.1391383 
PIWA_948_R_ATAACGCC-TTGGTGAG       0.2023377 0.3790787 0.3741463 0.2373134 1.3077218 0.6441231 0.3722314 0.3752727 0.6341342 0.2387382 0.3755823 0.3946407 0.3769720 2.3081031 0.1975120 0.3103320 0.2299718 0.1954578 0.3800529 0.0025693 0.1955027 0.6284378 1.3184876 0.0198193 0.2026917 0.3788170 0.0000000 0.6486601 0.3730902 0.0054420 0.3752989 0.2575710 0.2685359 
BTNW_765_P_CCAAGTAG-TCACGTTC       0.6415241 0.6549637 0.6487540 0.6578115 1.3397744 0.0053348 0.6477108 0.6501118 0.0156730 0.6638621 0.6510623 0.6656184 0.6543324 2.4747372 0.6183033 0.6537784 0.6523148 0.6169435 0.6564385 0.6512457 0.6149361 0.0347607 1.3426128 0.6522839 0.6418621 0.6459247 0.6486601 0.0000000 0.6507509 0.6510435 0.6502486 0.6666623 0.3471022 
BLBW_861_R_AACGCCTT-TTCTCTCG       0.3700468 0.0392032 0.0040868 0.3632079 1.3859869 0.6482016 0.0072823 0.0034148 0.6327787 0.3689969 0.0039736 0.2114194 0.0079627 2.4184650 0.3523762 0.0272977 0.3664454 0.3533295 0.0114983 0.3730790 0.3529172 0.6507849 1.3461906 0.3758852 0.3678075 0.0075011 0.3730902 0.6507509 0.0000000 0.3761118 0.0047423 0.4028156 0.1297236 
MOWA_611_R_HC7TNCCX2_subsampled_dd 0.2062242 0.3819034 0.3780495 0.2375439 1.3027060 0.6464568 0.3752483 0.3782995 0.6384617 0.2389655 0.3786082 0.3997412 0.3800022 2.3052608 0.1990866 0.3132738 0.2304874 0.1976488 0.3822076 0.0032522 0.1976968 0.6305489 1.3154123 0.0200773 0.2065731 0.3811342 0.0054420 0.6510435 0.3761118 0.0000000 0.3783257 0.2575278 0.2737326 
AMRE_967_R_ACGGACTT-TCTCCGAT       0.3718382 0.0385958 0.0039634 0.3623304 1.3782904 0.6477038 0.0064506 0.0026245 0.6328505 0.3681058 0.0029575 0.2139019 0.0071212 2.4098278 0.3519520 0.0250461 0.3658528 0.3529064 0.0127618 0.3752841 0.3524936 0.6504103 1.3408275 0.3796803 0.3694270 0.0067871 0.3752989 0.6502486 0.0047423 0.3783257 0.0000000 0.4043571 0.1373205 
BAWW_968_P_CGACCTAA-CAGGTTAG       0.2406499 0.4030182 0.4016414 0.1521963 1.2778000 0.6653527 0.4053899 0.4054573 0.6432160 0.1554232 0.4058634 0.4126056 0.4047506 2.3587631 0.2317943 0.3866898 0.2645264 0.2318040 0.4067698 0.2560032 0.2307208 0.6495714 1.3703848 0.2629429 0.2402946 0.4049768 0.2575710 0.6666623 0.4028156 0.2575278 0.4043571 0.0000000 0.2212205 
BPWA_337_C_CAAGCCAA-CTTCGTTC_dd    0.2241699 0.1323651 0.1353924 0.2426618 0.7688648 0.3387842 0.1372584 0.1373205 0.3474804 0.2443690 0.1384415 0.0049195 0.1336840 1.7759211 0.2199835 0.1336246 0.2286228 0.2173510 0.1291225 0.2711573 0.2173510 0.3408537 0.6600463 0.2693238 0.2238213 0.1391383 0.2685359 0.3471022 0.1297236 0.2737326 0.1373205 0.2212205 0.0000000 
