33
LOWA_438_A_AACTTGCC-GAAGTTGG       0.0000000 0.3564234 0.3521669 0.2095562 1.1707975 0.6021344 0.3536826 0.3545229 0.5779871 0.2117093 0.3546857 0.3500526 0.3566647 2.1909425 0.1339597 0.3321372 0.1908452 0.1339076 0.3533011 0.1966767 0.1331758 0.5855367 1.2382872 0.1997505 0.0095332 0.3544610 0.1949835 0.6055949 0.3528483 0.1988803 0.3550297 0.2301285 0.2156043 
CMWA_952_R_CTAAGACC-CTGTTAGG       0.3564234 0.0000000 0.0384001 0.3462304 1.2549534 0.6183836 0.0419154 0.0378775 0.6010961 0.3526715 0.0390837 0.2124581 0.0414692 2.1846969 0.3384902 0.0488696 0.3572593 0.3377437 0.0451219 0.3608594 0.3372270 0.6166678 1.2330111 0.3647810 0.3558152 0.0413143 0.3593213 0.6197745 0.0391309 0.3626696 0.0385027 0.3831068 0.1340282 
CSWA_939_R_TCCATTGC-TCCTACCT       0.3521669 0.0384001 0.0000000 0.3412891 1.2672654 0.6112494 0.0060150 0.0028595 0.5908606 0.3463132 0.0025253 0.2045485 0.0073819 2.1573171 0.3331095 0.0263303 0.3488831 0.3341073 0.0115802 0.3547913 0.3335873 0.6131552 1.2320257 0.3586409 0.3501237 0.0065821 0.3543216 0.6141250 0.0040833 0.3586117 0.0039629 0.3815578 0.1370653 
WEWA_727_R_ACCATCCT-GTTCATGG       0.2095562 0.3462304 0.3412891 0.0000000 1.1661389 0.6188734 0.3417453 0.3415594 0.5905356 0.0045526 0.3438683 0.3569703 0.3472053 2.1034294 0.1918421 0.3282592 0.2304903 0.1919566 0.3420996 0.2254442 0.1925260 0.6070378 1.2034745 0.2259962 0.2083185 0.3441274 0.2274443 0.6200259 0.3451956 0.2276065 0.3448485 0.1477809 0.2276930 
YEWA_941_P_Pr_CTATCCAC-TGTGCGTT    1.1707975 1.2549534 1.2672654 1.1661389 0.0000000 1.2308980 1.2646587 1.2668256 1.1889214 1.1621245 1.2702415 1.3144720 1.2652750 2.2354422 1.1753556 1.2782754 1.1943450 1.1754795 1.2759132 1.2034695 1.1712915 1.2252953 0.5884779 1.2177669 1.1695807 1.2643777 1.2042166 1.2340367 1.2749466 1.1991829 1.2685304 1.1865294 0.7600284 
NOPA_676_R_AACCGAAC-CGAGTATG       0.6021344 0.6183836 0.6112494 0.6188734 1.2308980 0.0000000 0.6110856 0.6130577 0.0116780 0.6247714 0.6139572 0.6212195 0.6160854 2.2497564 0.5779511 0.6144055 0.6129962 0.5773444 0.6189881 0.6074433 0.5754575 0.0315335 1.2365065 0.6093404 0.6015465 0.6095336 0.6059253 0.0053235 0.6140946 0.6076867 0.6132683 0.6295589 0.3454710 
BTNW_492_R_AAGGACCA-GTGTTCCT       0.3536826 0.0419154 0.0060150 0.3417453 1.2646587 0.6110856 0.0000000 0.0055588 0.5902473 0.3471563 0.0056694 0.2076396 0.0099471 2.1605742 0.3359869 0.0286412 0.3481459 0.3361956 0.0144380 0.3534303 0.3356773 0.6115345 1.2281861 0.3572734 0.3510240 0.0079678 0.3529592 0.6132518 0.0072685 0.3564386 0.0064430 0.3851438 0.1384779 
BTBW_850_R_AGGTTCCT-AGGTTCGA       0.3545229 0.0378775 0.0028595 0.3415594 1.2668256 0.6130577 0.0055588 0.0000000 0.5910086 0.3469748 0.0018603 0.2058290 0.0062275 2.1531899 0.3327802 0.0252355 0.3484522 0.3337786 0.0118187 0.3557691 0.3332584 0.6136995 1.2319507 0.3596414 0.3524700 0.0056651 0.3553009 0.6152261 0.0034116 0.3587889 0.0026242 0.3849082 0.1384143 
YTWA_970_R_GAACCTTC-GTACCTTG       0.5779871 0.6010961 0.5908606 0.5905356 1.1889214 0.0116780 0.5902473 0.5910086 0.0000000 0.5955144 0.5934120 0.6040174 0.5952488 2.2403117 0.5524633 0.5935317 0.5911698 0.5522832 0.5971546 0.5929791 0.5502966 0.0263182 1.1868147 0.5946659 0.5760011 0.5895342 0.5894157 0.0154329 0.5920542 0.5931085 0.5919176 0.6010819 0.3498083 
SWWA_980_R_TACATCGG-TGATCGGA       0.2117093 0.3526715 0.3463132 0.0045526 1.1621245 0.6247714 0.3471563 0.3469748 0.5955144 0.0000000 0.3492883 0.3629401 0.3512666 2.1082858 0.1944365 0.3334565 0.2337820 0.1945498 0.3477433 0.2270733 0.1953930 0.6100177 1.2014111 0.2279218 0.2098000 0.3479849 0.2290807 0.6261944 0.3508384 0.2292389 0.3502742 0.1509814 0.2301503 
GWWA_928_R_ACGAGAAC-CGAACTGT       0.3546857 0.0390837 0.0025253 0.3438683 1.2702415 0.6139572 0.0056694 0.0018603 0.5934120 0.3492883 0.0000000 0.2069223 0.0065717 2.1566071 0.3343572 0.0256939 0.3509112 0.3353532 0.0114565 0.3561222 0.3354943 0.6160151 1.2335965 0.3605816 0.3526322 0.0062338 0.3556545 0.6161244 0.0039695 0.3591428 0.0029570 0.3852924 0.1401188 
BBWA_971_A_CCTATACC-GCTCTGTA       0.3500526 0.2124581 0.2045485 0.3569703 1.3144720 0.6212195 0.2076396 0.2058290 0.6040174 0.3629401 0.2069223 0.0000000 0.2074041 2.1101858 0.3474020 0.2213256 0.3754842 0.3477852 0.2098399 0.3745834 0.3444509 0.6127762 1.2613049 0.3797250 0.3478866 0.2109024 0.3734820 0.6269293 0.2037672 0.3781274 0.2064258 0.3912527 0.0050188 
CAWA_366_A_CCGGAATA-CCTACTGA_dd    0.3566647 0.0414692 0.0073819 0.3472053 1.2652750 0.6160854 0.0099471 0.0062275 0.5952488 0.3512666 0.0065717 0.2074041 0.0000000 2.1563273 0.3384667 0.0290390 0.3529887 0.3394589 0.0164309 0.3577242 0.3389403 0.6149571 1.2396086 0.3623806 0.3537437 0.0100417 0.3572577 0.6192773 0.0079515 0.3607575 0.0071152 0.3855151 0.1347084 
YEWA_941_P_Tr_ACGCTTCT-GACTTAGG    2.1909425 2.1846969 2.1573171 2.1034294 2.2354422 2.2497564 2.1605742 2.1531899 2.2403117 2.1082858 2.1566071 2.1101858 2.1563273 0.0000000 2.1553384 2.1839709 2.1902276 2.1493703 2.1742100 2.0880004 2.1465966 2.2473306 2.3696832 2.0878248 2.1886193 2.1569370 2.0835151 2.2443681 2.1614890 2.0786610 2.1537003 2.1339500 1.6173532 
NAWA_328_A_CCACAACA-CTTGGATG       0.1339597 0.3384902 0.3331095 0.1918421 1.1753556 0.5779511 0.3359869 0.3327802 0.5524633 0.1944365 0.3343572 0.3474020 0.3384667 2.1553384 0.0000000 0.3193815 0.1896148 0.0029378 0.3378075 0.1905558 0.0037435 0.5642797 1.1864845 0.1938980 0.1335185 0.3346428 0.1894507 0.5842763 0.3355593 0.1911160 0.3354066 0.2225159 0.2136352 
CERW_358_A_TCTTCGAC-GAGCAGTA       0.3321372 0.0488696 0.0263303 0.3282592 1.2782754 0.6144055 0.0286412 0.0252355 0.5935317 0.3334565 0.0256939 0.2213256 0.0290390 2.1839709 0.3193815 0.0000000 0.3312888 0.3199729 0.0335837 0.2958182 0.3201078 0.6157831 1.2448630 0.3025589 0.3291979 0.0296899 0.2956111 0.6176895 0.0272160 0.2989598 0.0249518 0.3677631 0.1359009 
PROW_974_R_CGCTACAT-CGTAGGTT       0.1908452 0.3572593 0.3488831 0.2304903 1.1943450 0.6129962 0.3481459 0.3484522 0.5911698 0.2337820 0.3509112 0.3754842 0.3529887 2.1902276 0.1896148 0.3312888 0.0000000 0.1881733 0.3542157 0.2197616 0.1878106 0.6060173 1.1924898 0.2204163 0.1874669 0.3509523 0.2211483 0.6153791 0.3505332 0.2216910 0.3504366 0.2534754 0.2278007 
OVEN_614_P_CTTCCTTC-ACCTGGAA       0.1339076 0.3377437 0.3341073 0.1919566 1.1754795 0.5773444 0.3361956 0.3337786 0.5522832 0.1945498 0.3353532 0.3477852 0.3394589 2.1493703 0.0029378 0.3199729 0.1881733 0.0000000 0.3392546 0.1892271 0.0014604 0.5638881 1.1825322 0.1929549 0.1330076 0.3356375 0.1875555 0.5826511 0.3365530 0.1897846 0.3364018 0.2224740 0.2092642 
BWWA_412_R_GTACACCT-TTGGTCTC       0.3533011 0.0451219 0.0115802 0.3420996 1.2759132 0.6189881 0.0144380 0.0118187 0.5971546 0.3477433 0.0114565 0.2098399 0.0164309 2.1742100 0.3378075 0.0335837 0.3542157 0.3392546 0.0000000 0.3595890 0.3393966 0.6171478 1.2383769 0.3632450 0.3515107 0.0167786 0.3599308 0.6211522 0.0114747 0.3626300 0.0127394 0.3864946 0.1314733 
CONW_930_R_ATCGTCTC-GTCCTTCT       0.1966767 0.3608594 0.3547913 0.2254442 1.2034695 0.6074433 0.3534303 0.3557691 0.5929791 0.2270733 0.3561222 0.3745834 0.3577242 2.0880004 0.1905558 0.2958182 0.2197616 0.1892271 0.3595890 0.0000000 0.1892556 0.5943598 1.1990955 0.0177656 0.1970217 0.3592859 0.0025681 0.6127205 0.3540832 0.0032503 0.3561457 0.2456953 0.2595300 
KEWA_584_R_TCTAGGAG-CGTTGCAA       0.1331758 0.3372270 0.3335873 0.1925260 1.1712915 0.5754575 0.3356773 0.3332584 0.5502966 0.1953930 0.3354943 0.3444509 0.3389403 2.1465966 0.0037435 0.3201078 0.1878106 0.0014604 0.3393966 0.1892556 0.0000000 0.5627055 1.1837196 0.1934864 0.1322791 0.3349051 0.1875813 0.5807603 0.3360344 0.1898141 0.3358825 0.2214422 0.2092642 
PRAW_770_P_AAGTCCTC-TGGTAGCT       0.5855367 0.6166678 0.6131552 0.6070378 1.2252953 0.0315335 0.6115345 0.6136995 0.0263182 0.6100177 0.6160151 0.6127762 0.6149571 2.2473306 0.5642797 0.6157831 0.6060173 0.5638881 0.6171478 0.5943598 0.5627055 0.0000000 1.2215875 0.5942441 0.5814832 0.6128458 0.5921123 0.0344521 0.6150766 0.5940238 0.6144312 0.6140525 0.3484078 
Proctophyllodes_miliariae          1.2382872 1.2330111 1.2320257 1.2034745 0.5884779 1.2365065 1.2281861 1.2319507 1.1868147 1.2014111 1.2335965 1.2613049 1.2396086 2.3696832 1.1864845 1.2448630 1.1924898 1.1825322 1.2383769 1.1990955 1.1837196 1.2215875 0.0000000 1.2098884 1.2305344 1.2348477 1.2064915 1.2369603 1.2355551 1.2052967 1.2307272 1.2589705 0.6825051 
COYE_868_R_CCAACACT-AGTTCGTC       0.1997505 0.3647810 0.3586409 0.2259962 1.2177669 0.6093404 0.3572734 0.3596414 0.5946659 0.2279218 0.3605816 0.3797250 0.3623806 2.0878248 0.1938980 0.3025589 0.2204163 0.1929549 0.3632450 0.0177656 0.1934864 0.5942441 1.2098884 0.0000000 0.2001000 0.3639518 0.0197117 0.6140754 0.3575017 0.0199770 0.3610600 0.2517437 0.2616746 
NOWA_315_A_CGTCCATT-AGGAGGAA       0.0095332 0.3558152 0.3501237 0.2083185 1.1695807 0.6015465 0.3510240 0.3524700 0.5760011 0.2098000 0.3526322 0.3478866 0.3537437 2.1886193 0.1335185 0.3291979 0.1874669 0.1330076 0.3515107 0.1970217 0.1322791 0.5814832 1.2305344 0.2001000 0.0000000 0.3524096 0.1953310 0.6057140 0.3508034 0.1992219 0.3528512 0.2301387 0.2158163 
MAWA_362_A_CCTTAGGT-TTGAGGCA       0.3544610 0.0413143 0.0065821 0.3441274 1.2643777 0.6095336 0.0079678 0.0056651 0.5895342 0.3479849 0.0062338 0.2109024 0.0100417 2.1569370 0.3346428 0.0296899 0.3509523 0.3356375 0.0167786 0.3592859 0.3349051 0.6128458 1.2348477 0.3639518 0.3524096 0.0000000 0.3588228 0.6116993 0.0074943 0.3616395 0.0067815 0.3845605 0.1398917 
PIWA_948_R_ATAACGCC-TTGGTGAG       0.1949835 0.3593213 0.3543216 0.2274443 1.2042166 0.6059253 0.3529592 0.3553009 0.5894157 0.2290807 0.3556545 0.3734820 0.3572577 2.0835151 0.1894507 0.2956111 0.2211483 0.1875555 0.3599308 0.0025681 0.1875813 0.5921123 1.2064915 0.0197117 0.1953310 0.3588228 0.0000000 0.6105055 0.3536127 0.0054365 0.3556775 0.2471152 0.2577767 
BTNW_765_P_CCAAGTAG-TCACGTTC       0.6055949 0.6197745 0.6141250 0.6200259 1.2340367 0.0053235 0.6132518 0.6152261 0.0154329 0.6261944 0.6161244 0.6269293 0.6192773 2.2443681 0.5842763 0.6176895 0.6153791 0.5826511 0.6211522 0.6127205 0.5807603 0.0344521 1.2369603 0.6140754 0.6057140 0.6116993 0.6105055 0.0000000 0.6162678 0.6121629 0.6154379 0.6301973 0.3543718 
BLBW_861_R_AACGCCTT-TTCTCTCG       0.3528483 0.0391309 0.0040833 0.3451956 1.2749466 0.6140946 0.0072685 0.0034116 0.5920542 0.3508384 0.0039695 0.2037672 0.0079515 2.1614890 0.3355593 0.0272160 0.3505332 0.3365530 0.0114747 0.3540832 0.3360344 0.6150766 1.2355551 0.3575017 0.3508034 0.0074943 0.3536127 0.6162678 0.0000000 0.3573073 0.0047381 0.3826038 0.1312835 
MOWA_611_R_HC7TNCCX2_subsampled_dd 0.1988803 0.3626696 0.3586117 0.2276065 1.1991829 0.6076867 0.3564386 0.3587889 0.5931085 0.2292389 0.3591428 0.3781274 0.3607575 2.0786610 0.1911160 0.2989598 0.2216910 0.1897846 0.3626300 0.0032503 0.1898141 0.5940238 1.2052967 0.0199770 0.1992219 0.3616395 0.0054365 0.6121629 0.3573073 0.0000000 0.3591695 0.2472994 0.2609171 
AMRE_967_R_ACGGACTT-TCTCCGAT       0.3550297 0.0385027 0.0039629 0.3448485 1.2685304 0.6132683 0.0064430 0.0026242 0.5919176 0.3502742 0.0029570 0.2064258 0.0071152 2.1537003 0.3354066 0.0249518 0.3504366 0.3364018 0.0127394 0.3561457 0.3358825 0.6144312 1.2307272 0.3610600 0.3528512 0.0067815 0.3556775 0.6154379 0.0047381 0.3591695 0.0000000 0.3843427 0.1384143 
BAWW_968_P_CGACCTAA-CAGGTTAG       0.2301285 0.3831068 0.3815578 0.1477809 1.1865294 0.6295589 0.3851438 0.3849082 0.6010819 0.1509814 0.3852924 0.3912527 0.3855151 2.1339500 0.2225159 0.3677631 0.2534754 0.2224740 0.3864946 0.2456953 0.2214422 0.6140525 1.2589705 0.2517437 0.2301387 0.3845605 0.2471152 0.6301973 0.3826038 0.2472994 0.3843427 0.0000000 0.2236397 
BPWA_337_C_CAAGCCAA-CTTCGTTC_dd    0.2156043 0.1340282 0.1370653 0.2276930 0.7600284 0.3454710 0.1384779 0.1384143 0.3498083 0.2301503 0.1401188 0.0050188 0.1347084 1.6173532 0.2136352 0.1359009 0.2278007 0.2092642 0.1314733 0.2595300 0.2092642 0.3484078 0.6825051 0.2616746 0.2158163 0.1398917 0.2577767 0.3543718 0.1312835 0.2609171 0.1384143 0.2236397 0.0000000 
